apteka.ru:1703416444.8550246
magnit:1703416446.0354176
telegram:1703416446.181028
citi_link:1703416446.4060621
akbarsa:1703416446.6414638
yota:1703416446.9171784
b_apteka:1703416446.9859927
pochtabank:1703416447.5135813
mt_free:1703416448.0341892
megafon.tv:1703416448.1797993
totopizza:1703416448.7442894
zdesapteka:1703416448.9836488
stockmann:1703416449.3726096
SberUslugi:1703416449.4633656
victoria:1703416449.541157
sunlight:1703416449.627925
ok.ru:1703416449.8545697
beerlogapizza:1703416450.206927
wildberries:1703416450.3974175
tashirpizza:1703416450.4672303
my-shop:1703416450.647749
bisonpizza:1703416450.7335374
magnitapteka:1703416450.8462174
kent:1703416450.977866
polyana1c:1703416451.3389008
citystarwear:1703416451.4156933
vardex:1703416451.56629
tinkoff:1703416451.75989
vesnashop:1703416451.8302264
lentacom:1703416452.1059895
mygames:1703416452.20671
apteka-ot-sklada:1703416452.4787228
markformelle:1703416452.8438544
telegram_by:0.0
green_by:0.0
ok.ru_by:0.0
sosedi_by:0.0
av.by_by:0.0
carte_by:0.0
delivio_by:0.0
wildberries_by:0.0
findclone_by:0.0
mygames_by:0.0
tinder_by:0.0
markformelle_by:0.0
marko_by:0.0
megatop_by:0.0
amihome_by:0.0
youla_by:0.0
